0,35
0,55
0,5
0,6
0,65
0,7
0,5
0,6
0,55
0,6
0,75
0,8
0,75
0,45
0,75
0,55
0,75
0,7
0,5
0,75
0,85
0,55
0,8
0,75
0,6
0,35
0,7
0,7
0,55
0,45
0,7
0,6
0,95
0,55
0,65
0,6
0,9
0,5
0,65
0,9
0,55
0,6
0,4
0,45
0,4
0,8
0,7
0,55
0,7
0,55
0,65
0,6
0,75
0,45
0,7
0,7
0,6
0,65
0,75
var <- scan()
0.45
0.7
0.5
0.75
0.6
0.85
0.6
0.65
0.55
0.7
0.7
0.55
0.75
0.65
0.8
0.6
0.9
0.55
0.8
0.55
0.8
0.55
0.7
0.5
0.5
0.7
0.9
0.75
0.8
0.7
0.75
0.65
0.75
0.95
0.9
0.7
0.8
0.65
0.5
0.85
0.65
0.5
0.65
0.85
0.75
0.65
0.75
0.75
0.8
0.9
0.5
0.5
0.7
0.4
0.6
0.55
0.5
0.55
0.6
0.95
0.6
0.8
0.5
0.65
0.8
0.65
0.6
0.65
0.8
0.5
0.8
0.55
0.5
0.6
0.75
0.55
0.8
0.45
0.65
0.65
0.7
0.55
0.85
0.6
0.75
0.65
0.55
0.55
0.55
0.6
0.85
0.65
0.45
0.5
0.65
0.6
0.75
0.7
0.55
0.6
0.5
0.4
0.7
0.8
0.5
0.5
0.7
0.6
0.45
0.5
0.65
0.75
0.45
0.55
0.5
0.4
0.7
0.45
0.45
0.7
0.65
0.65
0.5
0.45
0.6
0.8
0.5
0.8
0.6
0.55
0.65
0.5
0.85
0.7
0.85
0.45
0.7
0.45
0.45
0.5
0.75
0.5
0.5
0.45
0.45
0.75
0.35
0.55
0.5
0.6
0.65
0.7
0.5
0.6
0.55
0.6
0.75
0.8
0.75
0.45
0.75
0.55
0.75
0.7
0.5
0.75
0.85
0.55
0.8
0.75
0.6
0.35
0.7
0.7
0.55
0.45
0.7
0.6
0.95
0.55
0.65
0.6
0.9
0.5
0.65
0.9
0.55
0.6
0.4
0.45
0.4
0.8
0.7
0.55
0.7
0.55
0.65
0.6
0.75
0.45
0.7
0.7
0.6
0.65
0.75
var <- scan()
library(psych)
scale(var)
var <- scale(scan())
scale(var)
var <- scan()
scale(var)
var <- scan()
scale(var)
var <- scan()
var <- scan()
scale(var)
var <- scan()
scale(var)
var <- scale()
0.462962963
0.240740741
0.425925926
0.759259259
0.203703704
0.537037037
0.537037037
0.555555556
NA
0.5
0.555555556
0.518518519
0.518518519
0.388888889
0.555555556
0.407407407
0.462962963
0.462962963
0.351851852
0.314814815
0.5
0.425925926
0.481481481
0.444444444
0.444444444
0.462962963
0.555555556
0.37037037
0.555555556
0.444444444
0.351851852
0.425925926
0.555555556
0.666666667
0.462962963
0.425925926
0.740740741
0.555555556
NA
0.5
0.611111111
0.537037037
0.333333333
0.222222222
0.537037037
0.259259259
0.407407407
0.574074074
0.611111111
0.685185185
0.407407407
0.333333333
0.537037037
0.388888889
0.518518519
0.62962963
0.314814815
0.833333333
0.555555556
0.592592593
0.462962963
0.574074074
0.462962963
0.314814815
0.37037037
0.296296296
0.240740741
0.37037037
0.444444444
0.5
0.555555556
0.537037037
0.333333333
0.314814815
0.462962963
0.5
0.5
0.666666667
0.481481481
0.425925926
0.37037037
0.444444444
0.481481481
0.481481481
0.388888889
0.462962963
0.592592593
0.462962963
0.259259259
0.444444444
0.462962963
0.277777778
0.611111111
0.314814815
0.537037037
0.759259259
0.388888889
0.462962963
0.462962963
0.222222222
0.574074074
0.518518519
0.37037037
0.296296296
0.222222222
0.444444444
0.277777778
0.296296296
0.37037037
0.37037037
0.37037037
0.5
0.666666667
0.407407407
0.62962963
0.574074074
0.407407407
NA
0.518518519
NA
0.111111111
NA
0.296296296
NA
0.555555556
0.537037037
0.314814815
0.481481481
0.314814815
0.462962963
0.277777778
0.759259259
0.351851852
0.444444444
0.5
0.518518519
0.314814815
0.407407407
0.37037037
0.462962963
0.592592593
0.574074074
0.444444444
0.555555556
0.12962963
0.444444444
NA
0.407407407
0.277777778
0.351851852
0.722222222
0.444444444
0.296296296
0.5
0.592592593
0.740740741
0.351851852
0.407407407
0.351851852
0.5
0.111111111
0.296296296
0.5
0.296296296
0.462962963
0.648148148
0.314814815
0.333333333
NA
0.537037037
0.777777778
0.425925926
0.407407407
0.407407407
0.648148148
0.5
0.333333333
0.518518519
1
0.5
0.425925926
0.444444444
0.425925926
NA
0.296296296
0.444444444
0.537037037
0.574074074
0.62962963
0.407407407
0.333333333
0.388888889
0.444444444
0.481481481
0.388888889
NA
0.351851852
0.611111111
0.555555556
0.444444444
0.314814815
0.592592593
0.666666667
0.240740741
0.444444444
0.537037037
0.425925926
0.537037037
0.481481481
0.425925926
0.574074074
NA
NA
0.5
0.240740741
0.37037037
0.333333333
0.222222222
0.407407407
NA
0.296296296
0.462962963
0.462962963
0.555555556
NA
0.462962963
0.592592593
var <- scan()
scale(var)
setwd("/Volumes/ipb-users-1/marli361/@Undervisning/@Kurser/FoU - R for Psychology Research/lectures/Lecture 1")
xaringan:::inf_mr()
xaringan:::inf_mr()
